100	1	1			99	14
100	3	1				
100	5	1				
100	6	2				
100	7	3				
100	9	1				
100	10	2				
100	12	1				
100	13	2				
100	15	1				
100	16	2				
100	17	3				
100	18	4				
100	19	5				
100	22	1				
100	24	1				
100	26	1				
100	27	2				
100	29	1				
100	31	1				
100	33	1				
100	36	1				
100	38	1				
100	39	2				
100	40	3				
100	41	4				
100	42	5				
100	43	6				
100	44	7				
100	47	1				
100	50	1				
100	52	1				
100	53	2				
100	56	1				
100	57	2				
100	58	3				
100	59	4				
100	60	5				
100	61	6				
100	63	1				
100	65	1				
100	66	2				
100	69	1				
100	70	2				
100	71	3				
100	73	1				
100	76	1				
100	77	2				
100	78	3				
100	79	4				
100	81	1				
100	82	2				
100	83	3				
100	84	4				
100	86	1				
100	87	2				
100	90	1				
100	91	2				
100	92	3				
100	95	1				
100	96	2				
100	97	3				
100	99	1				
99	1	1				
99	3	1				
99	4	2				
99	6	1				
99	7	2				
99	8	3				
99	9	4				
99	10	5				
99	11	6				
99	12	7				
99	13	8				
99	14	9				
99	15	10				
99	16	11				
99	17	12				
99	18	13				
99	19	14				
99	21	1				
99	22	2				
99	23	3				
99	24	4				
99	26	1				
99	29	1				
99	30	2				
99	32	1				
99	33	2				
99	35	1				
99	36	2				
99	38	1				
99	40	1				
99	43	1				
99	45	1				
99	46	2				
99	47	3				
99	48	4				
99	49	5				
99	50	6				
99	54	1				
99	56	1				
99	57	2				
99	58	3				
99	59	4				
99	60	5				
99	61	6				
99	62	7				
99	63	8				
99	64	9				
99	65	10				
99	66	11				
99	67	12				
99	69	1				
99	71	1				
99	72	2				
99	73	3				
99	74	4				
99	76	1				
99	77	2				
99	79	1				
99	80	2				
99	81	3				
99	82	4				
99	83	5				
99	84	6				
99	86	1				
99	87	2				
99	92	1				
99	94	1				
99	96	1				
98	2	1				
98	5	1				
98	6	2				
98	10	1				
98	12	1				
98	13	2				
98	14	3				
98	16	1				
98	17	2				
98	18	3				
98	22	1				
98	23	2				
98	24	3				
98	27	1				
98	29	1				
98	30	2				
98	31	3				
98	33	1				
98	34	2				
98	36	1				
98	37	2				
98	38	3				
98	39	4				
98	40	5				
98	41	6				
98	42	7				
98	43	8				
98	44	9				
98	45	10				
98	46	11				
98	47	12				
98	48	13				
98	51	1				
98	56	1				
98	59	1				
98	61	1				
98	62	2				
98	63	3				
98	65	1				
98	70	1				
98	71	2				
98	72	3				
98	73	4				
98	74	5				
98	75	6				
98	76	7				
98	80	1				
98	81	2				
98	84	1				
98	86	1				
98	87	2				
98	88	3				
98	89	4				
98	90	5				
98	91	6				
98	98	1				
98	99	2				
97	1	1				
97	2	2				
97	3	3				
97	4	4				
97	5	5				
97	6	6				
97	7	7				
97	11	1				
97	13	1				
97	15	1				
97	18	1				
97	25	1				
97	26	2				
97	29	1				
97	32	1				
97	35	1				
97	36	2				
97	37	3				
97	40	1				
97	41	2				
97	42	3				
97	43	4				
97	45	1				
97	46	2				
97	48	1				
97	51	1				
97	53	1				
97	54	2				
97	55	3				
97	56	4				
97	57	5				
97	59	1				
97	60	2				
97	61	3				
97	64	1				
97	65	2				
97	68	1				
97	72	1				
97	73	2				
97	74	3				
97	75	4				
97	76	5				
97	77	6				
97	79	1				
97	80	2				
97	81	3				
97	82	4				
97	85	1				
97	86	2				
97	87	3				
97	88	4				
97	89	5				
97	91	1				
97	92	2				
97	93	3				
97	95	1				
97	96	2				
97	97	3				
97	98	4				
97	99	5				
96	1	1				
96	2	2				
96	3	3				
96	5	1				
96	7	1				
96	8	2				
96	10	1				
96	11	2				
96	13	1				
96	14	2				
96	15	3				
96	16	4				
96	17	5				
96	19	1				
96	22	1				
96	23	2				
96	24	3				
96	26	1				
96	28	1				
96	30	1				
96	31	2				
96	32	3				
96	35	1				
96	36	2				
96	40	1				
96	43	1				
96	44	2				
96	47	1				
96	49	1				
96	54	1				
96	56	1				
96	58	1				
96	60	1				
96	61	2				
96	62	3				
96	63	4				
96	66	1				
96	69	1				
96	72	1				
96	73	2				
96	75	1				
96	77	1				
96	79	1				
96	82	1				
96	83	2				
96	84	3				
96	85	4				
96	88	1				
96	89	2				
96	90	3				
96	91	4				
96	92	5				
96	94	1				
96	96	1				
96	98	1				
96	99	2				
95	2	1				
95	4	1				
95	5	2				
95	6	3				
95	7	4				
95	10	1				
95	11	2				
95	13	1				
95	14	2				
95	16	1				
95	17	2				
95	18	3				
95	19	4				
95	22	1				
95	25	1				
95	28	1				
95	29	2				
95	30	3				
95	31	4				
95	34	1				
95	39	1				
95	41	1				
95	46	1				
95	47	2				
95	48	3				
95	50	1				
95	51	2				
95	53	1				
95	54	2				
95	55	3				
95	57	1				
95	58	2				
95	59	3				
95	61	1				
95	62	2				
95	63	3				
95	65	1				
95	66	2				
95	67	3				
95	68	4				
95	69	5				
95	70	6				
95	74	1				
95	75	2				
95	77	1				
95	79	1				
95	80	2				
95	82	1				
95	83	2				
95	84	3				
95	87	1				
95	91	1				
95	92	2				
95	93	3				
95	94	4				
95	97	1				
95	98	2				
94	3	1				
94	4	2				
94	6	1				
94	7	2				
94	9	1				
94	11	1				
94	12	2				
94	17	1				
94	18	2				
94	20	1				
94	21	2				
94	22	3				
94	23	4				
94	24	5				
94	26	1				
94	27	2				
94	28	3				
94	29	4				
94	30	5				
94	32	1				
94	35	1				
94	36	2				
94	37	3				
94	41	1				
94	44	1				
94	45	2				
94	46	3				
94	47	4				
94	48	5				
94	50	1				
94	51	2				
94	52	3				
94	53	4				
94	56	1				
94	57	2				
94	59	1				
94	60	2				
94	61	3				
94	62	4				
94	63	5				
94	65	1				
94	66	2				
94	67	3				
94	68	4				
94	69	5				
94	72	1				
94	75	1				
94	76	2				
94	78	1				
94	79	2				
94	80	3				
94	81	4				
94	83	1				
94	84	2				
94	86	1				
94	87	2				
94	88	3				
94	90	1				
94	93	1				
94	95	1				
94	97	1				
94	98	2				
94	100	1				
93	3	1				
93	9	1				
93	10	2				
93	12	1				
93	13	2				
93	14	3				
93	18	1				
93	20	1				
93	21	2				
93	22	3				
93	23	4				
93	24	5				
93	25	6				
93	28	1				
93	29	2				
93	31	1				
93	33	1				
93	35	1				
93	36	2				
93	40	1				
93	42	1				
93	45	1				
93	46	2				
93	47	3				
93	49	1				
93	50	2				
93	53	1				
93	55	1				
93	58	1				
93	60	1				
93	61	2				
93	62	3				
93	63	4				
93	64	5				
93	65	6				
93	68	1				
93	69	2				
93	70	3				
93	71	4				
93	72	5				
93	74	1				
93	76	1				
93	78	1				
93	81	1				
93	85	1				
93	87	1				
93	88	2				
93	89	3				
93	93	1				
93	95	1				
93	97	1				
93	98	2				
93	99	3				
92	4	1				
92	5	2				
92	6	3				
92	8	1				
92	10	1				
92	11	2				
92	12	3				
92	13	4				
92	14	5				
92	15	6				
92	17	1				
92	18	2				
92	20	1				
92	22	1				
92	24	1				
92	25	2				
92	26	3				
92	29	1				
92	30	2				
92	31	3				
92	33	1				
92	35	1				
92	36	2				
92	37	3				
92	38	4				
92	39	5				
92	40	6				
92	41	7				
92	42	8				
92	44	1				
92	45	2				
92	46	3				
92	47	4				
92	49	1				
92	54	1				
92	55	2				
92	56	3				
92	57	4				
92	58	5				
92	62	1				
92	64	1				
92	65	2				
92	67	1				
92	69	1				
92	70	2				
92	71	3				
92	73	1				
92	75	1				
92	77	1				
92	78	2				
92	80	1				
92	81	2				
92	82	3				
92	83	4				
92	84	5				
92	85	6				
92	86	7				
92	87	8				
92	88	9				
92	89	10				
92	92	1				
92	93	2				
92	94	3				
92	97	1				
92	100	1				
91	2	1				
91	4	1				
91	6	1				
91	7	2				
91	8	3				
91	9	4				
91	10	5				
91	11	6				
91	12	7				
91	15	1				
91	18	1				
91	20	1				
91	21	2				
91	22	3				
91	23	4				
91	27	1				
91	30	1				
91	31	2				
91	33	1				
91	34	2				
91	35	3				
91	37	1				
91	38	2				
91	40	1				
91	41	2				
91	45	1				
91	48	1				
91	49	2				
91	51	1				
91	53	1				
91	55	1				
91	57	1				
91	58	2				
91	61	1				
91	63	1				
91	65	1				
91	67	1				
91	68	2				
91	70	1				
91	71	2				
91	72	3				
91	74	1				
91	75	2				
91	76	3				
91	77	4				
91	78	5				
91	81	1				
91	82	2				
91	83	3				
91	87	1				
91	88	2				
91	89	3				
91	91	1				
91	93	1				
91	94	2				
91	96	1				
91	97	2				
91	99	1				
91	100	2				
90	1	1				
90	2	2				
90	3	3				
90	4	4				
90	5	5				
90	8	1				
90	10	1				
90	11	2				
90	12	3				
90	14	1				
90	16	1				
90	17	2				
90	18	3				
90	20	1				
90	22	1				
90	28	1				
90	29	2				
90	34	1				
90	35	2				
90	37	1				
90	38	2				
90	39	3				
90	41	1				
90	42	2				
90	43	3				
90	44	4				
90	45	5				
90	49	1				
90	51	1				
90	55	1				
90	56	2				
90	58	1				
90	59	2				
90	61	1				
90	62	2				
90	63	3				
90	64	4				
90	65	5				
90	66	6				
90	69	1				
90	71	1				
90	73	1				
90	78	1				
90	79	2				
90	80	3				
90	82	1				
90	83	2				
90	84	3				
90	85	4				
90	86	5				
90	88	1				
90	89	2				
90	90	3				
90	97	1				
90	98	2				
89	1	1				
89	2	2				
89	3	3				
89	4	4				
89	5	5				
89	6	6				
89	8	1				
89	11	1				
89	12	2				
89	13	3				
89	15	1				
89	17	1				
89	18	2				
89	19	3				
89	23	1				
89	24	2				
89	26	1				
89	28	1				
89	29	2				
89	31	1				
89	32	2				
89	34	1				
89	35	2				
89	36	3				
89	38	1				
89	41	1				
89	47	1				
89	48	2				
89	49	3				
89	50	4				
89	51	5				
89	52	6				
89	55	1				
89	56	2				
89	60	1				
89	64	1				
89	65	2				
89	67	1				
89	70	1				
89	73	1				
89	77	1				
89	78	2				
89	80	1				
89	81	2				
89	83	1				
89	86	1				
89	87	2				
89	88	3				
89	90	1				
89	91	2				
89	92	3				
89	93	4				
89	94	5				
89	95	6				
89	96	7				
89	97	8				
89	98	9				
89	99	10				
89	100	11				
88	2	1				
88	4	1				
88	8	1				
88	9	2				
88	10	3				
88	13	1				
88	16	1				
88	18	1				
88	20	1				
88	23	1				
88	24	2				
88	25	3				
88	26	4				
88	29	1				
88	30	2				
88	31	3				
88	32	4				
88	33	5				
88	34	6				
88	36	1				
88	38	1				
88	39	2				
88	40	3				
88	41	4				
88	43	1				
88	45	1				
88	46	2				
88	48	1				
88	49	2				
88	50	3				
88	52	1				
88	54	1				
88	57	1				
88	58	2				
88	59	3				
88	60	4				
88	61	5				
88	62	6				
88	64	1				
88	67	1				
88	68	2				
88	71	1				
88	73	1				
88	74	2				
88	75	3				
88	78	1				
88	79	2				
88	80	3				
88	81	4				
88	84	1				
88	91	1				
88	92	2				
88	96	1				
88	97	2				
88	98	3				
88	99	4				
87	1	1				
87	2	2				
87	4	1				
87	6	1				
87	8	1				
87	10	1				
87	13	1				
87	15	1				
87	16	2				
87	17	3				
87	18	4				
87	19	5				
87	20	6				
87	22	1				
87	23	2				
87	24	3				
87	28	1				
87	29	2				
87	30	3				
87	31	4				
87	33	1				
87	35	1				
87	36	2				
87	38	1				
87	39	2				
87	40	3				
87	50	1				
87	51	2				
87	52	3				
87	54	1				
87	56	1				
87	59	1				
87	60	2				
87	61	3				
87	62	4				
87	64	1				
87	68	1				
87	69	2				
87	70	3				
87	72	1				
87	73	2				
87	79	1				
87	80	2				
87	83	1				
87	86	1				
87	88	1				
87	89	2				
87	90	3				
87	92	1				
87	94	1				
87	95	2				
87	97	1				
86	1	1				
86	2	2				
86	5	1				
86	7	1				
86	8	2				
86	9	3				
86	10	4				
86	12	1				
86	13	2				
86	16	1				
86	18	1				
86	20	1				
86	21	2				
86	22	3				
86	23	4				
86	24	5				
86	26	1				
86	28	1				
86	29	2				
86	30	3				
86	31	4				
86	32	5				
86	36	1				
86	37	2				
86	38	3				
86	39	4				
86	40	5				
86	41	6				
86	42	7				
86	43	8				
86	45	1				
86	46	2				
86	49	1				
86	50	2				
86	51	3				
86	53	1				
86	54	2				
86	55	3				
86	56	4				
86	59	1				
86	61	1				
86	63	1				
86	65	1				
86	69	1				
86	72	1				
86	73	2				
86	74	3				
86	76	1				
86	77	2				
86	78	3				
86	81	1				
86	82	2				
86	85	1				
86	86	2				
86	87	3				
86	88	4				
86	89	5				
86	90	6				
86	92	1				
86	94	1				
86	95	2				
86	96	3				
86	98	1				
85	3	1				
85	5	1				
85	7	1				
85	8	2				
85	10	1				
85	11	2				
85	12	3				
85	13	4				
85	15	1				
85	17	1				
85	18	2				
85	19	3				
85	21	1				
85	22	2				
85	24	1				
85	25	2				
85	26	3				
85	28	1				
85	30	1				
85	31	2				
85	32	3				
85	33	4				
85	35	1				
85	36	2				
85	40	1				
85	41	2				
85	42	3				
85	44	1				
85	45	2				
85	46	3				
85	47	4				
85	49	1				
85	51	1				
85	52	2				
85	53	3				
85	54	4				
85	57	1				
85	61	1				
85	62	2				
85	63	3				
85	64	4				
85	65	5				
85	69	1				
85	71	1				
85	73	1				
85	74	2				
85	76	1				
85	77	2				
85	78	3				
85	80	1				
85	82	1				
85	88	1				
85	91	1				
85	93	1				
85	97	1				
85	99	1				
84	1	1				
84	2	2				
84	5	1				
84	7	1				
84	9	1				
84	11	1				
84	12	2				
84	13	3				
84	14	4				
84	15	5				
84	17	1				
84	18	2				
84	19	3				
84	20	4				
84	23	1				
84	24	2				
84	25	3				
84	26	4				
84	28	1				
84	30	1				
84	33	1				
84	34	2				
84	35	3				
84	37	1				
84	38	2				
84	40	1				
84	41	2				
84	42	3				
84	44	1				
84	45	2				
84	48	1				
84	49	2				
84	50	3				
84	52	1				
84	54	1				
84	55	2				
84	56	3				
84	58	1				
84	59	2				
84	60	3				
84	61	4				
84	63	1				
84	66	1				
84	67	2				
84	69	1				
84	71	1				
84	73	1				
84	74	2				
84	76	1				
84	79	1				
84	80	2				
84	81	3				
84	82	4				
84	84	1				
84	85	2				
84	86	3				
84	88	1				
84	91	1				
84	93	1				
84	94	2				
84	95	3				
84	96	4				
84	97	5				
84	99	1				
83	2	1				
83	3	2				
83	4	3				
83	5	4				
83	6	5				
83	7	6				
83	8	7				
83	9	8				
83	10	9				
83	11	10				
83	15	1				
83	17	1				
83	18	2				
83	19	3				
83	27	1				
83	28	2				
83	29	3				
83	30	4				
83	31	5				
83	32	6				
83	33	7				
83	34	8				
83	35	9				
83	39	1				
83	41	1				
83	43	1				
83	44	2				
83	46	1				
83	48	1				
83	49	2				
83	50	3				
83	52	1				
83	56	1				
83	57	2				
83	61	1				
83	62	2				
83	63	3				
83	64	4				
83	65	5				
83	66	6				
83	67	7				
83	68	8				
83	69	9				
83	72	1				
83	74	1				
83	75	2				
83	76	3				
83	77	4				
83	78	5				
83	83	1				
83	84	2				
83	86	1				
83	87	2				
83	89	1				
83	90	2				
83	91	3				
83	94	1				
83	95	2				
83	97	1				
83	98	2				
83	100	1				
82	1	1				
82	2	2				
82	3	3				
82	4	4				
82	5	5				
82	6	6				
82	11	1				
82	13	1				
82	14	2				
82	16	1				
82	19	1				
82	20	2				
82	22	1				
82	23	2				
82	24	3				
82	25	4				
82	26	5				
82	28	1				
82	31	1				
82	32	2				
82	34	1				
82	35	2				
82	36	3				
82	37	4				
82	40	1				
82	42	1				
82	44	1				
82	45	2				
82	46	3				
82	49	1				
82	50	2				
82	53	1				
82	54	2				
82	55	3				
82	56	4				
82	57	5				
82	59	1				
82	62	1				
82	64	1				
82	66	1				
82	67	2				
82	69	1				
82	70	2				
82	71	3				
82	73	1				
82	74	2				
82	78	1				
82	80	1				
82	81	2				
82	82	3				
82	83	4				
82	85	1				
82	86	2				
82	87	3				
82	89	1				
82	92	1				
82	93	2				
82	94	3				
82	95	4				
82	97	1				
82	98	2				
81	1	1				
81	2	2				
81	5	1				
81	6	2				
81	8	1				
81	10	1				
81	11	2				
81	12	3				
81	15	1				
81	16	2				
81	20	1				
81	21	2				
81	22	3				
81	23	4				
81	24	5				
81	27	1				
81	28	2				
81	29	3				
81	30	4				
81	34	1				
81	35	2				
81	36	3				
81	37	4				
81	38	5				
81	39	6				
81	40	7				
81	43	1				
81	45	1				
81	47	1				
81	48	2				
81	49	3				
81	50	4				
81	51	5				
81	54	1				
81	56	1				
81	58	1				
81	59	2				
81	60	3				
81	62	1				
81	63	2				
81	66	1				
81	67	2				
81	69	1				
81	70	2				
81	71	3				
81	72	4				
81	74	1				
81	77	1				
81	79	1				
81	81	1				
81	83	1				
81	89	1				
81	90	2				
81	92	1				
81	93	2				
81	94	3				
81	96	1				
81	97	2				
81	98	3				
81	99	4				
81	100	5				
80	1	1				
80	4	1				
80	5	2				
80	6	3				
80	8	1				
80	10	1				
80	11	2				
80	12	3				
80	13	4				
80	14	5				
80	16	1				
80	18	1				
80	21	1				
80	22	2				
80	24	1				
80	27	1				
80	28	2				
80	32	1				
80	33	2				
80	34	3				
80	35	4				
80	38	1				
80	42	1				
80	43	2				
80	45	1				
80	46	2				
80	47	3				
80	51	1				
80	55	1				
80	56	2				
80	57	3				
80	58	4				
80	62	1				
80	63	2				
80	64	3				
80	65	4				
80	67	1				
80	68	2				
80	69	3				
80	70	4				
80	71	5				
80	72	6				
80	73	7				
80	74	8				
80	75	9				
80	76	10				
80	78	1				
80	79	2				
80	83	1				
80	84	2				
80	85	3				
80	86	4				
80	88	1				
80	90	1				
80	91	2				
80	92	3				
80	93	4				
80	95	1				
80	97	1				
80	98	2				
79	1	1				
79	2	2				
79	3	3				
79	5	1				
79	7	1				
79	8	2				
79	9	3				
79	10	4				
79	11	5				
79	12	6				
79	14	1				
79	15	2				
79	16	3				
79	17	4				
79	21	1				
79	22	2				
79	23	3				
79	25	1				
79	26	2				
79	27	3				
79	28	4				
79	29	5				
79	30	6				
79	31	7				
79	32	8				
79	35	1				
79	37	1				
79	38	2				
79	39	3				
79	42	1				
79	44	1				
79	45	2				
79	46	3				
79	48	1				
79	49	2				
79	50	3				
79	51	4				
79	52	5				
79	53	6				
79	54	7				
79	55	8				
79	56	9				
79	58	1				
79	59	2				
79	60	3				
79	61	4				
79	63	1				
79	65	1				
79	66	2				
79	68	1				
79	71	1				
79	72	2				
79	73	3				
79	75	1				
79	77	1				
79	78	2				
79	79	3				
79	80	4				
79	82	1				
79	83	2				
79	85	1				
79	86	2				
79	87	3				
79	88	4				
79	89	5				
79	91	1				
79	92	2				
79	93	3				
79	95	1				
79	96	2				
79	97	3				
79	98	4				
78	1	1				
78	3	1				
78	8	1				
78	9	2				
78	11	1				
78	12	2				
78	13	3				
78	14	4				
78	15	5				
78	18	1				
78	19	2				
78	20	3				
78	22	1				
78	25	1				
78	26	2				
78	28	1				
78	35	1				
78	36	2				
78	38	1				
78	39	2				
78	40	3				
78	44	1				
78	45	2				
78	48	1				
78	49	2				
78	54	1				
78	55	2				
78	56	3				
78	58	1				
78	59	2				
78	61	1				
78	62	2				
78	63	3				
78	64	4				
78	66	1				
78	68	1				
78	70	1				
78	71	2				
78	72	3				
78	75	1				
78	77	1				
78	78	2				
78	82	1				
78	83	2				
78	84	3				
78	86	1				
78	88	1				
78	89	2				
78	90	3				
78	91	4				
78	92	5				
78	95	1				
78	96	2				
78	97	3				
78	100	1				
77	1	1				
77	3	1				
77	4	2				
77	6	1				
77	8	1				
77	9	2				
77	12	1				
77	13	2				
77	14	3				
77	15	4				
77	17	1				
77	18	2				
77	19	3				
77	21	1				
77	22	2				
77	23	3				
77	24	4				
77	26	1				
77	28	1				
77	29	2				
77	33	1				
77	34	2				
77	38	1				
77	41	1				
77	42	2				
77	43	3				
77	44	4				
77	45	5				
77	46	6				
77	47	7				
77	48	8				
77	49	9				
77	50	10				
77	51	11				
77	53	1				
77	54	2				
77	56	1				
77	60	1				
77	61	2				
77	63	1				
77	65	1				
77	67	1				
77	68	2				
77	70	1				
77	71	2				
77	72	3				
77	74	1				
77	75	2				
77	76	3				
77	79	1				
77	80	2				
77	81	3				
77	83	1				
77	84	2				
77	87	1				
77	88	2				
77	89	3				
77	90	4				
77	92	1				
77	97	1				
77	98	2				
77	100	1				
76	2	1				
76	4	1				
76	5	2				
76	6	3				
76	10	1				
76	11	2				
76	12	3				
76	13	4				
76	15	1				
76	16	2				
76	17	3				
76	19	1				
76	22	1				
76	24	1				
76	25	2				
76	26	3				
76	27	4				
76	28	5				
76	32	1				
76	33	2				
76	34	3				
76	35	4				
76	37	1				
76	38	2				
76	40	1				
76	41	2				
76	42	3				
76	43	4				
76	44	5				
76	46	1				
76	47	2				
76	48	3				
76	50	1				
76	51	2				
76	53	1				
76	54	2				
76	56	1				
76	59	1				
76	60	2				
76	61	3				
76	63	1				
76	64	2				
76	69	1				
76	71	1				
76	72	2				
76	73	3				
76	75	1				
76	78	1				
76	82	1				
76	85	1				
76	91	1				
76	92	2				
76	93	3				
76	94	4				
76	98	1				
76	99	2				
76	100	3				
75	2	1				
75	3	2				
75	6	1				
75	8	1				
75	10	1				
75	11	2				
75	13	1				
75	14	2				
75	17	1				
75	18	2				
75	25	1				
75	26	2				
75	29	1				
75	30	2				
75	31	3				
75	32	4				
75	33	5				
75	34	6				
75	36	1				
75	38	1				
75	40	1				
75	44	1				
75	45	2				
75	47	1				
75	50	1				
75	52	1				
75	53	2				
75	57	1				
75	59	1				
75	60	2				
75	65	1				
75	70	1				
75	72	1				
75	73	2				
75	77	1				
75	80	1				
75	81	2				
75	82	3				
75	85	1				
75	86	2				
75	87	3				
75	88	4				
75	90	1				
75	92	1				
75	95	1				
75	96	2				
75	97	3				
75	98	4				
75	99	5				
75	100	6				
74	1	1				
74	4	1				
74	5	2				
74	8	1				
74	9	2				
74	11	1				
74	13	1				
74	14	2				
74	15	3				
74	16	4				
74	17	5				
74	18	6				
74	20	1				
74	22	1				
74	24	1				
74	25	2				
74	26	3				
74	29	1				
74	30	2				
74	31	3				
74	32	4				
74	34	1				
74	35	2				
74	36	3				
74	38	1				
74	39	2				
74	41	1				
74	42	2				
74	43	3				
74	47	1				
74	51	1				
74	52	2				
74	53	3				
74	54	4				
74	55	5				
74	56	6				
74	58	1				
74	61	1				
74	62	2				
74	64	1				
74	65	2				
74	66	3				
74	68	1				
74	70	1				
74	71	2				
74	73	1				
74	75	1				
74	76	2				
74	78	1				
74	82	1				
74	83	2				
74	84	3				
74	85	4				
74	86	5				
74	90	1				
74	91	2				
74	92	3				
74	93	4				
74	97	1				
74	98	2				
74	100	1				
73	2	1				
73	4	1				
73	5	2				
73	7	1				
73	8	2				
73	10	1				
73	11	2				
73	12	3				
73	13	4				
73	16	1				
73	20	1				
73	21	2				
73	22	3				
73	23	4				
73	24	5				
73	25	6				
73	26	7				
73	27	8				
73	28	9				
73	31	1				
73	32	2				
73	33	3				
73	34	4				
73	35	5				
73	36	6				
73	37	7				
73	38	8				
73	39	9				
73	43	1				
73	44	2				
73	46	1				
73	50	1				
73	53	1				
73	57	1				
73	59	1				
73	60	2				
73	61	3				
73	63	1				
73	64	2				
73	66	1				
73	68	1				
73	69	2				
73	70	3				
73	71	4				
73	74	1				
73	76	1				
73	77	2				
73	78	3				
73	81	1				
73	83	1				
73	84	2				
73	85	3				
73	87	1				
73	89	1				
73	90	2				
73	91	3				
73	94	1				
73	96	1				
72	1	1				
72	3	1				
72	4	2				
72	6	1				
72	9	1				
72	10	2				
72	11	3				
72	13	1				
72	14	2				
72	15	3				
72	16	4				
72	20	1				
72	21	2				
72	23	1				
72	24	2				
72	25	3				
72	26	4				
72	27	5				
72	28	6				
72	29	7				
72	30	8				
72	31	9				
72	32	10				
72	34	1				
72	35	2				
72	37	1				
72	38	2				
72	39	3				
72	41	1				
72	42	2				
72	43	3				
72	44	4				
72	45	5				
72	47	1				
72	48	2				
72	49	3				
72	50	4				
72	52	1				
72	55	1				
72	56	2				
72	57	3				
72	58	4				
72	61	1				
72	63	1				
72	64	2				
72	66	1				
72	67	2				
72	69	1				
72	72	1				
72	73	2				
72	75	1				
72	76	2				
72	79	1				
72	80	2				
72	81	3				
72	82	4				
72	84	1				
72	85	2				
72	86	3				
72	88	1				
72	89	2				
72	90	3				
72	91	4				
72	93	1				
72	94	2				
72	95	3				
72	96	4				
72	97	5				
72	98	6				
72	99	7				
72	100	8				
71	2	1				
71	3	2				
71	4	3				
71	5	4				
71	7	1				
71	8	2				
71	10	1				
71	12	1				
71	13	2				
71	16	1				
71	17	2				
71	20	1				
71	21	2				
71	22	3				
71	24	1				
71	26	1				
71	27	2				
71	28	3				
71	29	4				
71	32	1				
71	33	2				
71	34	3				
71	36	1				
71	38	1				
71	41	1				
71	45	1				
71	46	2				
71	47	3				
71	53	1				
71	55	1				
71	56	2				
71	61	1				
71	63	1				
71	65	1				
71	66	2				
71	67	3				
71	68	4				
71	69	5				
71	71	1				
71	72	2				
71	73	3				
71	77	1				
71	78	2				
71	79	3				
71	80	4				
71	82	1				
71	83	2				
71	86	1				
71	87	2				
71	88	3				
71	92	1				
71	93	2				
71	94	3				
71	95	4				
71	96	5				
71	98	1				
71	100	1				
70	1	1				
70	2	2				
70	4	1				
70	5	2				
70	6	3				
70	7	4				
70	10	1				
70	11	2				
70	12	3				
70	13	4				
70	17	1				
70	18	2				
70	19	3				
70	20	4				
70	22	1				
70	26	1				
70	27	2				
70	28	3				
70	29	4				
70	30	5				
70	33	1				
70	34	2				
70	36	1				
70	37	2				
70	38	3				
70	39	4				
70	41	1				
70	44	1				
70	45	2				
70	46	3				
70	47	4				
70	48	5				
70	50	1				
70	51	2				
70	54	1				
70	55	2				
70	56	3				
70	57	4				
70	59	1				
70	64	1				
70	65	2				
70	66	3				
70	67	4				
70	68	5				
70	70	1				
70	71	2				
70	72	3				
70	73	4				
70	75	1				
70	79	1				
70	80	2				
70	82	1				
70	84	1				
70	85	2				
70	87	1				
70	91	1				
70	92	2				
70	98	1				
70	99	2				
69	1	1				
69	2	2				
69	3	3				
69	4	4				
69	7	1				
69	8	2				
69	10	1				
69	11	2				
69	12	3				
69	13	4				
69	14	5				
69	15	6				
69	16	7				
69	17	8				
69	20	1				
69	22	1				
69	24	1				
69	25	2				
69	27	1				
69	29	1				
69	31	1				
69	32	2				
69	33	3				
69	35	1				
69	36	2				
69	37	3				
69	39	1				
69	41	1				
69	43	1				
69	48	1				
69	50	1				
69	51	2				
69	54	1				
69	55	2				
69	56	3				
69	57	4				
69	58	5				
69	60	1				
69	62	1				
69	63	2				
69	67	1				
69	68	2				
69	70	1				
69	72	1				
69	73	2				
69	75	1				
69	76	2				
69	77	3				
69	78	4				
69	81	1				
69	82	2				
69	84	1				
69	85	2				
69	88	1				
69	89	2				
69	90	3				
69	95	1				
69	96	2				
69	98	1				
68	2	1				
68	3	2				
68	4	3				
68	7	1				
68	8	2				
68	9	3				
68	10	4				
68	12	1				
68	15	1				
68	16	2				
68	17	3				
68	18	4				
68	19	5				
68	20	6				
68	24	1				
68	26	1				
68	27	2				
68	28	3				
68	31	1				
68	32	2				
68	33	3				
68	34	4				
68	36	1				
68	37	2				
68	38	3				
68	39	4				
68	40	5				
68	41	6				
68	42	7				
68	43	8				
68	44	9				
68	46	1				
68	48	1				
68	49	2				
68	50	3				
68	51	4				
68	52	5				
68	55	1				
68	56	2				
68	59	1				
68	60	2				
68	61	3				
68	64	1				
68	67	1				
68	70	1				
68	74	1				
68	75	2				
68	79	1				
68	81	1				
68	86	1				
68	87	2				
68	89	1				
68	90	2				
68	92	1				
68	93	2				
68	94	3				
68	97	1				
68	98	2				
68	100	1				
67	2	1				
67	3	2				
67	4	3				
67	5	4				
67	7	1				
67	8	2				
67	9	3				
67	10	4				
67	12	1				
67	13	2				
67	14	3				
67	15	4				
67	18	1				
67	20	1				
67	21	2				
67	22	3				
67	23	4				
67	24	5				
67	25	6				
67	26	7				
67	27	8				
67	29	1				
67	30	2				
67	31	3				
67	32	4				
67	35	1				
67	36	2				
67	37	3				
67	39	1				
67	40	2				
67	41	3				
67	42	4				
67	43	5				
67	45	1				
67	46	2				
67	47	3				
67	48	4				
67	52	1				
67	53	2				
67	57	1				
67	58	2				
67	59	3				
67	60	4				
67	63	1				
67	64	2				
67	65	3				
67	66	4				
67	67	5				
67	70	1				
67	71	2				
67	72	3				
67	73	4				
67	76	1				
67	77	2				
67	79	1				
67	80	2				
67	81	3				
67	83	1				
67	84	2				
67	85	3				
67	86	4				
67	89	1				
67	92	1				
67	94	1				
67	95	2				
67	97	1				
67	98	2				
66	1	1				
66	2	2				
66	3	3				
66	7	1				
66	8	2				
66	9	3				
66	13	1				
66	14	2				
66	16	1				
66	17	2				
66	19	1				
66	20	2				
66	21	3				
66	25	1				
66	26	2				
66	28	1				
66	29	2				
66	32	1				
66	33	2				
66	34	3				
66	35	4				
66	36	5				
66	37	6				
66	38	7				
66	39	8				
66	42	1				
66	43	2				
66	47	1				
66	49	1				
66	50	2				
66	52	1				
66	54	1				
66	55	2				
66	57	1				
66	61	1				
66	63	1				
66	64	2				
66	65	3				
66	66	4				
66	68	1				
66	69	2				
66	71	1				
66	73	1				
66	74	2				
66	77	1				
66	79	1				
66	80	2				
66	81	3				
66	82	4				
66	83	5				
66	86	1				
66	87	2				
66	90	1				
66	91	2				
66	92	3				
66	93	4				
66	94	5				
66	97	1				
66	98	2				
65	1	1				
65	2	2				
65	3	3				
65	4	4				
65	7	1				
65	8	2				
65	11	1				
65	12	2				
65	13	3				
65	15	1				
65	19	1				
65	21	1				
65	23	1				
65	25	1				
65	26	2				
65	28	1				
65	30	1				
65	31	2				
65	32	3				
65	33	4				
65	35	1				
65	36	2				
65	37	3				
65	38	4				
65	39	5				
65	40	6				
65	46	1				
65	48	1				
65	49	2				
65	51	1				
65	52	2				
65	53	3				
65	54	4				
65	55	5				
65	56	6				
65	57	7				
65	61	1				
65	62	2				
65	63	3				
65	64	4				
65	65	5				
65	66	6				
65	67	7				
65	69	1				
65	70	2				
65	72	1				
65	75	1				
65	79	1				
65	81	1				
65	82	2				
65	83	3				
65	85	1				
65	86	2				
65	87	3				
65	90	1				
65	93	1				
65	94	2				
65	96	1				
64	3	1				
64	4	2				
64	5	3				
64	6	4				
64	7	5				
64	8	6				
64	9	7				
64	16	1				
64	18	1				
64	19	2				
64	23	1				
64	24	2				
64	25	3				
64	26	4				
64	27	5				
64	34	1				
64	35	2				
64	39	1				
64	41	1				
64	42	2				
64	43	3				
64	44	4				
64	45	5				
64	46	6				
64	47	7				
64	48	8				
64	49	9				
64	50	10				
64	51	11				
64	53	1				
64	54	2				
64	56	1				
64	57	2				
64	58	3				
64	60	1				
64	63	1				
64	64	2				
64	65	3				
64	66	4				
64	67	5				
64	69	1				
64	70	2				
64	72	1				
64	73	2				
64	74	3				
64	76	1				
64	77	2				
64	78	3				
64	79	4				
64	81	1				
64	82	2				
64	84	1				
64	85	2				
64	87	1				
64	88	2				
64	92	1				
64	93	2				
64	94	3				
64	100	1				
63	1	1				
63	2	2				
63	4	1				
63	7	1				
63	8	2				
63	9	3				
63	11	1				
63	12	2				
63	13	3				
63	14	4				
63	15	5				
63	16	6				
63	17	7				
63	18	8				
63	19	9				
63	20	10				
63	22	1				
63	24	1				
63	25	2				
63	26	3				
63	27	4				
63	29	1				
63	34	1				
63	35	2				
63	36	3				
63	37	4				
63	39	1				
63	40	2				
63	41	3				
63	42	4				
63	43	5				
63	44	6				
63	45	7				
63	46	8				
63	47	9				
63	49	1				
63	50	2				
63	51	3				
63	53	1				
63	55	1				
63	57	1				
63	58	2				
63	59	3				
63	61	1				
63	63	1				
63	64	2				
63	66	1				
63	67	2				
63	68	3				
63	71	1				
63	73	1				
63	74	2				
63	77	1				
63	81	1				
63	82	2				
63	83	3				
63	85	1				
63	86	2				
63	87	3				
63	88	4				
63	91	1				
63	92	2				
63	93	3				
63	94	4				
63	95	5				
63	96	6				
63	98	1				
63	99	2				
62	2	1				
62	3	2				
62	4	3				
62	5	4				
62	7	1				
62	8	2				
62	9	3				
62	10	4				
62	11	5				
62	13	1				
62	15	1				
62	17	1				
62	19	1				
62	20	2				
62	23	1				
62	25	1				
62	26	2				
62	27	3				
62	29	1				
62	33	1				
62	35	1				
62	38	1				
62	41	1				
62	42	2				
62	43	3				
62	44	4				
62	46	1				
62	48	1				
62	51	1				
62	52	2				
62	53	3				
62	55	1				
62	56	2				
62	58	1				
62	60	1				
62	62	1				
62	65	1				
62	66	2				
62	68	1				
62	70	1				
62	73	1				
62	74	2				
62	75	3				
62	76	4				
62	77	5				
62	78	6				
62	79	7				
62	80	8				
62	82	1				
62	83	2				
62	85	1				
62	86	2				
62	88	1				
62	90	1				
62	91	2				
62	92	3				
62	93	4				
62	96	1				
62	97	2				
62	99	1				
62	100	2				
61	1	1				
61	2	2				
61	3	3				
61	4	4				
61	5	5				
61	6	6				
61	7	7				
61	8	8				
61	14	1				
61	16	1				
61	18	1				
61	19	2				
61	20	3				
61	21	4				
61	23	1				
61	24	2				
61	26	1				
61	27	2				
61	28	3				
61	29	4				
61	30	5				
61	33	1				
61	36	1				
61	37	2				
61	38	3				
61	40	1				
61	43	1				
61	45	1				
61	47	1				
61	48	2				
61	49	3				
61	53	1				
61	54	2				
61	55	3				
61	56	4				
61	57	5				
61	59	1				
61	61	1				
61	62	2				
61	63	3				
61	64	4				
61	66	1				
61	67	2				
61	68	3				
61	70	1				
61	71	2				
61	72	3				
61	73	4				
61	74	5				
61	80	1				
61	85	1				
61	86	2				
61	87	3				
61	88	4				
61	90	1				
61	94	1				
61	96	1				
61	97	2				
61	98	3				
61	100	1				
60	1	1				
60	4	1				
60	5	2				
60	6	3				
60	7	4				
60	8	5				
60	9	6				
60	10	7				
60	12	1				
60	14	1				
60	17	1				
60	19	1				
60	22	1				
60	24	1				
60	25	2				
60	28	1				
60	29	2				
60	32	1				
60	33	2				
60	34	3				
60	35	4				
60	37	1				
60	40	1				
60	41	2				
60	42	3				
60	46	1				
60	52	1				
60	55	1				
60	57	1				
60	60	1				
60	62	1				
60	64	1				
60	65	2				
60	66	3				
60	67	4				
60	70	1				
60	71	2				
60	72	3				
60	73	4				
60	77	1				
60	78	2				
60	79	3				
60	80	4				
60	81	5				
60	82	6				
60	83	7				
60	84	8				
60	85	9				
60	88	1				
60	90	1				
60	92	1				
60	95	1				
60	96	2				
60	97	3				
60	99	1				
59	1	1				
59	2	2				
59	3	3				
59	4	4				
59	7	1				
59	8	2				
59	9	3				
59	10	4				
59	12	1				
59	13	2				
59	14	3				
59	17	1				
59	19	1				
59	23	1				
59	26	1				
59	27	2				
59	29	1				
59	30	2				
59	31	3				
59	32	4				
59	33	5				
59	37	1				
59	38	2				
59	39	3				
59	40	4				
59	42	1				
59	43	2				
59	44	3				
59	45	4				
59	46	5				
59	47	6				
59	49	1				
59	50	2				
59	51	3				
59	52	4				
59	53	5				
59	55	1				
59	57	1				
59	58	2				
59	60	1				
59	61	2				
59	62	3				
59	64	1				
59	65	2				
59	66	3				
59	67	4				
59	69	1				
59	70	2				
59	72	1				
59	74	1				
59	76	1				
59	77	2				
59	80	1				
59	81	2				
59	83	1				
59	84	2				
59	86	1				
59	89	1				
59	90	2				
59	91	3				
59	92	4				
59	93	5				
59	94	6				
59	97	1				
59	98	2				
59	100	1				
58	1	1				
58	5	1				
58	6	2				
58	8	1				
58	9	2				
58	13	1				
58	14	2				
58	15	3				
58	16	4				
58	18	1				
58	20	1				
58	22	1				
58	23	2				
58	24	3				
58	26	1				
58	28	1				
58	30	1				
58	32	1				
58	34	1				
58	36	1				
58	37	2				
58	38	3				
58	39	4				
58	40	5				
58	41	6				
58	46	1				
58	48	1				
58	49	2				
58	50	3				
58	51	4				
58	56	1				
58	58	1				
58	59	2				
58	60	3				
58	61	4				
58	62	5				
58	63	6				
58	64	7				
58	65	8				
58	67	1				
58	71	1				
58	73	1				
58	74	2				
58	75	3				
58	76	4				
58	78	1				
58	86	1				
58	90	1				
58	91	2				
58	93	1				
58	94	2				
58	95	3				
58	98	1				
58	100	1				
57	1	1				
57	2	2				
57	8	1				
57	10	1				
57	14	1				
57	16	1				
57	18	1				
57	19	2				
57	20	3				
57	21	4				
57	22	5				
57	23	6				
57	24	7				
57	25	8				
57	26	9				
57	28	1				
57	32	1				
57	33	2				
57	36	1				
57	37	2				
57	41	1				
57	42	2				
57	44	1				
57	45	2				
57	46	3				
57	47	4				
57	49	1				
57	50	2				
57	52	1				
57	53	2				
57	58	1				
57	59	2				
57	62	1				
57	64	1				
57	65	2				
57	66	3				
57	68	1				
57	70	1				
57	72	1				
57	74	1				
57	76	1				
57	77	2				
57	78	3				
57	79	4				
57	80	5				
57	81	6				
57	85	1				
57	86	2				
57	87	3				
57	88	4				
57	89	5				
57	91	1				
57	92	2				
57	93	3				
57	94	4				
57	96	1				
57	97	2				
57	100	1				
56	2	1				
56	3	2				
56	5	1				
56	8	1				
56	9	2				
56	11	1				
56	13	1				
56	15	1				
56	16	2				
56	19	1				
56	20	2				
56	22	1				
56	25	1				
56	26	2				
56	27	3				
56	31	1				
56	32	2				
56	33	3				
56	34	4				
56	38	1				
56	39	2				
56	40	3				
56	41	4				
56	42	5				
56	43	6				
56	46	1				
56	47	2				
56	48	3				
56	49	4				
56	50	5				
56	52	1				
56	53	2				
56	54	3				
56	57	1				
56	61	1				
56	64	1				
56	69	1				
56	71	1				
56	72	2				
56	73	3				
56	76	1				
56	78	1				
56	80	1				
56	81	2				
56	82	3				
56	83	4				
56	84	5				
56	85	6				
56	87	1				
56	89	1				
56	90	2				
56	93	1				
56	94	2				
56	97	1				
56	98	2				
56	99	3				
56	100	4				
55	2	1				
55	3	2				
55	4	3				
55	5	4				
55	7	1				
55	8	2				
55	9	3				
55	10	4				
55	12	1				
55	13	2				
55	14	3				
55	15	4				
55	17	1				
55	18	2				
55	20	1				
55	28	1				
55	29	2				
55	32	1				
55	33	2				
55	34	3				
55	35	4				
55	36	5				
55	37	6				
55	38	7				
55	39	8				
55	42	1				
55	47	1				
55	48	2				
55	49	3				
55	52	1				
55	53	2				
55	54	3				
55	56	1				
55	57	2				
55	58	3				
55	61	1				
55	64	1				
55	66	1				
55	67	2				
55	70	1				
55	73	1				
55	74	2				
55	75	3				
55	77	1				
55	78	2				
55	80	1				
55	81	2				
55	82	3				
55	84	1				
55	85	2				
55	87	1				
55	89	1				
55	90	2				
55	94	1				
55	95	2				
55	97	1				
55	98	2				
55	99	3				
55	100	4				
54	2	1				
54	3	2				
54	4	3				
54	5	4				
54	7	1				
54	9	1				
54	11	1				
54	12	2				
54	13	3				
54	14	4				
54	15	5				
54	16	6				
54	18	1				
54	19	2				
54	20	3				
54	21	4				
54	24	1				
54	25	2				
54	26	3				
54	29	1				
54	31	1				
54	32	2				
54	33	3				
54	35	1				
54	36	2				
54	37	3				
54	38	4				
54	39	5				
54	41	1				
54	43	1				
54	44	2				
54	47	1				
54	48	2				
54	50	1				
54	52	1				
54	53	2				
54	59	1				
54	60	2				
54	64	1				
54	65	2				
54	68	1				
54	69	2				
54	70	3				
54	71	4				
54	72	5				
54	74	1				
54	76	1				
54	77	2				
54	78	3				
54	79	4				
54	80	5				
54	81	6				
54	83	1				
54	86	1				
54	87	2				
54	90	1				
54	91	2				
54	94	1				
54	95	2				
54	96	3				
54	97	4				
54	99	1				
53	3	1				
53	4	2				
53	5	3				
53	6	4				
53	7	5				
53	8	6				
53	9	7				
53	11	1				
53	12	2				
53	13	3				
53	14	4				
53	15	5				
53	16	6				
53	17	7				
53	18	8				
53	19	9				
53	20	10				
53	21	11				
53	23	1				
53	24	2				
53	25	3				
53	26	4				
53	27	5				
53	28	6				
53	31	1				
53	33	1				
53	34	2				
53	35	3				
53	36	4				
53	37	5				
53	38	6				
53	39	7				
53	43	1				
53	46	1				
53	47	2				
53	48	3				
53	49	4				
53	51	1				
53	52	2				
53	53	3				
53	54	4				
53	55	5				
53	56	6				
53	58	1				
53	59	2				
53	60	3				
53	64	1				
53	67	1				
53	68	2				
53	69	3				
53	74	1				
53	75	2				
53	77	1				
53	79	1				
53	80	2				
53	81	3				
53	83	1				
53	84	2				
53	86	1				
53	87	2				
53	88	3				
53	89	4				
53	90	5				
53	94	1				
53	95	2				
53	100	1				
52	3	1				
52	4	2				
52	5	3				
52	6	4				
52	7	5				
52	10	1				
52	13	1				
52	14	2				
52	15	3				
52	17	1				
52	19	1				
52	20	2				
52	21	3				
52	23	1				
52	24	2				
52	25	3				
52	27	1				
52	28	2				
52	29	3				
52	30	4				
52	31	5				
52	40	1				
52	41	2				
52	43	1				
52	49	1				
52	50	2				
52	51	3				
52	52	4				
52	53	5				
52	56	1				
52	59	1				
52	60	2				
52	65	1				
52	67	1				
52	68	2				
52	69	3				
52	73	1				
52	75	1				
52	76	2				
52	77	3				
52	78	4				
52	81	1				
52	82	2				
52	83	3				
52	84	4				
52	85	5				
52	86	6				
52	87	7				
52	92	1				
52	93	2				
52	94	3				
52	95	4				
52	97	1				
52	98	2				
52	99	3				
51	1	1				
51	2	2				
51	3	3				
51	6	1				
51	9	1				
51	10	2				
51	12	1				
51	15	1				
51	16	2				
51	17	3				
51	18	4				
51	19	5				
51	20	6				
51	21	7				
51	22	8				
51	25	1				
51	26	2				
51	28	1				
51	32	1				
51	33	2				
51	34	3				
51	35	4				
51	37	1				
51	38	2				
51	41	1				
51	42	2				
51	45	1				
51	46	2				
51	50	1				
51	52	1				
51	53	2				
51	54	3				
51	56	1				
51	57	2				
51	58	3				
51	60	1				
51	63	1				
51	66	1				
51	67	2				
51	68	3				
51	69	4				
51	70	5				
51	71	6				
51	76	1				
51	78	1				
51	79	2				
51	82	1				
51	83	2				
51	84	3				
51	86	1				
51	91	1				
51	92	2				
51	93	3				
51	94	4				
51	97	1				
51	99	1				
50	2	1				
50	3	2				
50	5	1				
50	7	1				
50	8	2				
50	9	3				
50	10	4				
50	13	1				
50	14	2				
50	18	1				
50	22	1				
50	23	2				
50	25	1				
50	30	1				
50	31	2				
50	32	3				
50	33	4				
50	34	5				
50	40	1				
50	41	2				
50	42	3				
50	44	1				
50	45	2				
50	48	1				
50	49	2				
50	50	3				
50	51	4				
50	52	5				
50	53	6				
50	54	7				
50	57	1				
50	58	2				
50	61	1				
50	62	2				
50	63	3				
50	64	4				
50	66	1				
50	67	2				
50	68	3				
50	72	1				
50	74	1				
50	76	1				
50	78	1				
50	79	2				
50	80	3				
50	82	1				
50	84	1				
50	85	2				
50	92	1				
50	93	2				
50	95	1				
50	96	2				
50	97	3				
50	98	4				
50	99	5				
49	1	1				
49	2	2				
49	4	1				
49	5	2				
49	6	3				
49	7	4				
49	8	5				
49	9	6				
49	11	1				
49	12	2				
49	15	1				
49	18	1				
49	19	2				
49	20	3				
49	21	4				
49	22	5				
49	24	1				
49	25	2				
49	28	1				
49	30	1				
49	32	1				
49	34	1				
49	35	2				
49	39	1				
49	40	2				
49	41	3				
49	45	1				
49	46	2				
49	48	1				
49	50	1				
49	51	2				
49	53	1				
49	54	2				
49	56	1				
49	58	1				
49	59	2				
49	61	1				
49	63	1				
49	64	2				
49	65	3				
49	68	1				
49	70	1				
49	72	1				
49	73	2				
49	74	3				
49	76	1				
49	77	2				
49	78	3				
49	79	4				
49	80	5				
49	81	6				
49	82	7				
49	83	8				
49	84	9				
49	85	10				
49	86	11				
49	88	1				
49	89	2				
49	95	1				
49	98	1				
49	99	2				
48	2	1				
48	3	2				
48	4	3				
48	5	4				
48	6	5				
48	8	1				
48	9	2				
48	10	3				
48	12	1				
48	13	2				
48	14	3				
48	17	1				
48	20	1				
48	21	2				
48	22	3				
48	23	4				
48	24	5				
48	25	6				
48	28	1				
48	29	2				
48	31	1				
48	32	2				
48	34	1				
48	36	1				
48	38	1				
48	40	1				
48	41	2				
48	42	3				
48	44	1				
48	45	2				
48	46	3				
48	49	1				
48	51	1				
48	52	2				
48	55	1				
48	57	1				
48	59	1				
48	60	2				
48	61	3				
48	63	1				
48	64	2				
48	65	3				
48	67	1				
48	68	2				
48	71	1				
48	72	2				
48	73	3				
48	75	1				
48	79	1				
48	80	2				
48	81	3				
48	82	4				
48	83	5				
48	84	6				
48	85	7				
48	89	1				
48	91	1				
48	92	2				
48	94	1				
48	95	2				
48	96	3				
48	97	4				
48	98	5				
47	2	1				
47	4	1				
47	6	1				
47	8	1				
47	9	2				
47	10	3				
47	11	4				
47	12	5				
47	13	6				
47	15	1				
47	17	1				
47	19	1				
47	20	2				
47	21	3				
47	22	4				
47	23	5				
47	24	6				
47	25	7				
47	28	1				
47	29	2				
47	32	1				
47	34	1				
47	35	2				
47	36	3				
47	38	1				
47	39	2				
47	40	3				
47	41	4				
47	42	5				
47	43	6				
47	44	7				
47	46	1				
47	47	2				
47	50	1				
47	52	1				
47	55	1				
47	56	2				
47	57	3				
47	59	1				
47	60	2				
47	61	3				
47	62	4				
47	66	1				
47	67	2				
47	68	3				
47	69	4				
47	70	5				
47	73	1				
47	74	2				
47	76	1				
47	77	2				
47	79	1				
47	80	2				
47	81	3				
47	82	4				
47	84	1				
47	85	2				
47	88	1				
47	92	1				
47	93	2				
47	94	3				
47	95	4				
47	96	5				
47	98	1				
47	99	2				
47	100	3				
46	1	1				
46	5	1				
46	6	2				
46	11	1				
46	12	2				
46	13	3				
46	14	4				
46	15	5				
46	16	6				
46	19	1				
46	20	2				
46	23	1				
46	24	2				
46	27	1				
46	28	2				
46	30	1				
46	32	1				
46	39	1				
46	40	2				
46	41	3				
46	42	4				
46	43	5				
46	44	6				
46	45	7				
46	47	1				
46	48	2				
46	50	1				
46	51	2				
46	54	1				
46	55	2				
46	56	3				
46	57	4				
46	59	1				
46	60	2				
46	61	3				
46	62	4				
46	63	5				
46	65	1				
46	66	2				
46	69	1				
46	72	1				
46	74	1				
46	75	2				
46	79	1				
46	80	2				
46	81	3				
46	82	4				
46	84	1				
46	85	2				
46	86	3				
46	87	4				
46	90	1				
46	91	2				
46	92	3				
46	94	1				
46	95	2				
46	97	1				
46	99	1				
46	100	2				
45	4	1				
45	7	1				
45	9	1				
45	12	1				
45	13	2				
45	14	3				
45	15	4				
45	17	1				
45	18	2				
45	20	1				
45	21	2				
45	24	1				
45	25	2				
45	27	1				
45	29	1				
45	30	2				
45	31	3				
45	33	1				
45	36	1				
45	37	2				
45	38	3				
45	42	1				
45	45	1				
45	47	1				
45	48	2				
45	49	3				
45	50	4				
45	51	5				
45	52	6				
45	54	1				
45	55	2				
45	57	1				
45	60	1				
45	61	2				
45	62	3				
45	69	1				
45	73	1				
45	76	1				
45	77	2				
45	79	1				
45	81	1				
45	83	1				
45	85	1				
45	86	2				
45	89	1				
45	90	2				
45	92	1				
45	94	1				
45	95	2				
45	97	1				
45	98	2				
45	99	3				
44	1	1				
44	3	1				
44	5	1				
44	7	1				
44	9	1				
44	10	2				
44	13	1				
44	15	1				
44	16	2				
44	19	1				
44	20	2				
44	21	3				
44	23	1				
44	25	1				
44	26	2				
44	29	1				
44	32	1				
44	34	1				
44	35	2				
44	38	1				
44	39	2				
44	41	1				
44	42	2				
44	43	3				
44	45	1				
44	46	2				
44	48	1				
44	49	2				
44	51	1				
44	52	2				
44	53	3				
44	54	4				
44	55	5				
44	56	6				
44	58	1				
44	60	1				
44	61	2				
44	62	3				
44	64	1				
44	68	1				
44	70	1				
44	71	2				
44	73	1				
44	74	2				
44	77	1				
44	78	2				
44	79	3				
44	83	1				
44	84	2				
44	85	3				
44	86	4				
44	87	5				
44	89	1				
44	92	1				
44	94	1				
44	97	1				
44	98	2				
44	99	3				
43	3	1				
43	4	2				
43	5	3				
43	7	1				
43	8	2				
43	9	3				
43	10	4				
43	11	5				
43	13	1				
43	14	2				
43	15	3				
43	19	1				
43	20	2				
43	21	3				
43	22	4				
43	24	1				
43	26	1				
43	29	1				
43	30	2				
43	32	1				
43	36	1				
43	39	1				
43	40	2				
43	41	3				
43	42	4				
43	43	5				
43	44	6				
43	46	1				
43	47	2				
43	49	1				
43	52	1				
43	54	1				
43	57	1				
43	58	2				
43	59	3				
43	60	4				
43	61	5				
43	63	1				
43	64	2				
43	65	3				
43	66	4				
43	69	1				
43	71	1				
43	72	2				
43	73	3				
43	75	1				
43	77	1				
43	78	2				
43	83	1				
43	85	1				
43	88	1				
43	89	2				
43	95	1				
43	96	2				
43	97	3				
43	99	1				
43	100	2				
42	1	1				
42	2	2				
42	5	1				
42	7	1				
42	8	2				
42	9	3				
42	10	4				
42	11	5				
42	13	1				
42	14	2				
42	20	1				
42	23	1				
42	24	2				
42	25	3				
42	27	1				
42	30	1				
42	31	2				
42	33	1				
42	34	2				
42	35	3				
42	38	1				
42	41	1				
42	43	1				
42	44	2				
42	45	3				
42	46	4				
42	48	1				
42	50	1				
42	51	2				
42	52	3				
42	54	1				
42	55	2				
42	56	3				
42	57	4				
42	58	5				
42	60	1				
42	61	2				
42	62	3				
42	64	1				
42	65	2				
42	69	1				
42	70	2				
42	71	3				
42	72	4				
42	74	1				
42	76	1				
42	77	2				
42	78	3				
42	79	4				
42	81	1				
42	82	2				
42	84	1				
42	85	2				
42	86	3				
42	88	1				
42	89	2				
42	92	1				
42	93	2				
42	95	1				
42	96	2				
42	98	1				
42	100	1				
41	1	1				
41	4	1				
41	6	1				
41	7	2				
41	8	3				
41	9	4				
41	10	5				
41	11	6				
41	14	1				
41	15	2				
41	16	3				
41	17	4				
41	18	5				
41	22	1				
41	23	2				
41	25	1				
41	26	2				
41	27	3				
41	28	4				
41	31	1				
41	32	2				
41	33	3				
41	34	4				
41	36	1				
41	37	2				
41	39	1				
41	40	2				
41	41	3				
41	43	1				
41	44	2				
41	48	1				
41	49	2				
41	50	3				
41	51	4				
41	52	5				
41	53	6				
41	55	1				
41	56	2				
41	61	1				
41	62	2				
41	67	1				
41	71	1				
41	74	1				
41	76	1				
41	78	1				
41	79	2				
41	81	1				
41	82	2				
41	83	3				
41	85	1				
41	86	2				
41	87	3				
41	88	4				
41	89	5				
41	94	1				
41	95	2				
41	96	3				
41	97	4				
41	99	1				
41	100	2				
40	1	1				
40	2	2				
40	4	1				
40	7	1				
40	10	1				
40	11	2				
40	13	1				
40	14	2				
40	15	3				
40	17	1				
40	18	2				
40	19	3				
40	21	1				
40	22	2				
40	24	1				
40	25	2				
40	26	3				
40	27	4				
40	29	1				
40	30	2				
40	31	3				
40	33	1				
40	34	2				
40	36	1				
40	37	2				
40	38	3				
40	39	4				
40	42	1				
40	44	1				
40	45	2				
40	47	1				
40	48	2				
40	49	3				
40	52	1				
40	53	2				
40	54	3				
40	55	4				
40	56	5				
40	58	1				
40	60	1				
40	61	2				
40	63	1				
40	64	2				
40	66	1				
40	67	2				
40	70	1				
40	72	1				
40	73	2				
40	75	1				
40	76	2				
40	78	1				
40	80	1				
40	81	2				
40	82	3				
40	83	4				
40	84	5				
40	85	6				
40	86	7				
40	87	8				
40	88	9				
40	92	1				
40	93	2				
40	94	3				
40	95	4				
39	1	1				
39	2	2				
39	4	1				
39	6	1				
39	8	1				
39	9	2				
39	10	3				
39	12	1				
39	13	2				
39	16	1				
39	17	2				
39	18	3				
39	19	4				
39	20	5				
39	21	6				
39	22	7				
39	24	1				
39	26	1				
39	27	2				
39	29	1				
39	30	2				
39	31	3				
39	32	4				
39	33	5				
39	34	6				
39	35	7				
39	37	1				
39	38	2				
39	39	3				
39	41	1				
39	43	1				
39	44	2				
39	46	1				
39	47	2				
39	48	3				
39	50	1				
39	51	2				
39	53	1				
39	54	2				
39	55	3				
39	58	1				
39	59	2				
39	60	3				
39	61	4				
39	62	5				
39	63	6				
39	65	1				
39	66	2				
39	67	3				
39	68	4				
39	69	5				
39	70	6				
39	72	1				
39	73	2				
39	74	3				
39	76	1				
39	77	2				
39	78	3				
39	80	1				
39	84	1				
39	85	2				
39	87	1				
39	88	2				
39	89	3				
39	91	1				
39	92	2				
39	94	1				
39	95	2				
39	96	3				
39	97	4				
39	98	5				
39	99	6				
39	100	7				
38	3	1				
38	4	2				
38	5	3				
38	7	1				
38	8	2				
38	9	3				
38	10	4				
38	13	1				
38	15	1				
38	20	1				
38	24	1				
38	25	2				
38	27	1				
38	28	2				
38	30	1				
38	31	2				
38	34	1				
38	35	2				
38	37	1				
38	40	1				
38	41	2				
38	43	1				
38	44	2				
38	45	3				
38	48	1				
38	50	1				
38	52	1				
38	53	2				
38	57	1				
38	58	2				
38	59	3				
38	63	1				
38	67	1				
38	68	2				
38	71	1				
38	72	2				
38	74	1				
38	75	2				
38	76	3				
38	77	4				
38	78	5				
38	79	6				
38	80	7				
38	87	1				
38	88	2				
38	92	1				
38	94	1				
38	96	1				
38	97	2				
38	98	3				
38	99	4				
38	100	5				
37	2	1				
37	7	1				
37	8	2				
37	9	3				
37	12	1				
37	13	2				
37	14	3				
37	15	4				
37	16	5				
37	17	6				
37	18	7				
37	19	8				
37	21	1				
37	22	2				
37	23	3				
37	24	4				
37	25	5				
37	27	1				
37	29	1				
37	30	2				
37	32	1				
37	34	1				
37	35	2				
37	36	3				
37	38	1				
37	39	2				
37	42	1				
37	43	2				
37	45	1				
37	46	2				
37	47	3				
37	49	1				
37	50	2				
37	52	1				
37	53	2				
37	54	3				
37	55	4				
37	56	5				
37	57	6				
37	58	7				
37	59	8				
37	62	1				
37	64	1				
37	65	2				
37	69	1				
37	70	2				
37	72	1				
37	73	2				
37	74	3				
37	78	1				
37	79	2				
37	80	3				
37	82	1				
37	83	2				
37	84	3				
37	86	1				
37	88	1				
37	96	1				
37	97	2				
37	98	3				
37	99	4				
37	100	5				
36	2	1				
36	4	1				
36	5	2				
36	7	1				
36	8	2				
36	9	3				
36	10	4				
36	11	5				
36	12	6				
36	13	7				
36	16	1				
36	18	1				
36	19	2				
36	20	3				
36	24	1				
36	26	1				
36	28	1				
36	30	1				
36	32	1				
36	36	1				
36	37	2				
36	38	3				
36	39	4				
36	40	5				
36	41	6				
36	43	1				
36	46	1				
36	47	2				
36	48	3				
36	50	1				
36	51	2				
36	54	1				
36	55	2				
36	56	3				
36	57	4				
36	58	5				
36	60	1				
36	62	1				
36	63	2				
36	64	3				
36	66	1				
36	67	2				
36	69	1				
36	70	2				
36	71	3				
36	73	1				
36	74	2				
36	75	3				
36	78	1				
36	79	2				
36	80	3				
36	82	1				
36	83	2				
36	86	1				
36	87	2				
36	92	1				
36	93	2				
36	95	1				
36	96	2				
36	97	3				
36	98	4				
35	1	1				
35	2	2				
35	5	1				
35	7	1				
35	8	2				
35	9	3				
35	10	4				
35	11	5				
35	12	6				
35	13	7				
35	14	8				
35	17	1				
35	18	2				
35	21	1				
35	22	2				
35	27	1				
35	28	2				
35	30	1				
35	31	2				
35	32	3				
35	33	4				
35	35	1				
35	38	1				
35	40	1				
35	41	2				
35	44	1				
35	45	2				
35	46	3				
35	47	4				
35	49	1				
35	50	2				
35	51	3				
35	53	1				
35	54	2				
35	56	1				
35	60	1				
35	61	2				
35	62	3				
35	64	1				
35	68	1				
35	69	2				
35	70	3				
35	71	4				
35	72	5				
35	73	6				
35	75	1				
35	77	1				
35	79	1				
35	80	2				
35	81	3				
35	82	4				
35	83	5				
35	84	6				
35	85	7				
35	86	8				
35	87	9				
35	90	1				
35	91	2				
35	93	1				
35	94	2				
35	95	3				
35	97	1				
35	98	2				
35	99	3				
35	100	4				
34	2	1				
34	4	1				
34	8	1				
34	10	1				
34	11	2				
34	12	3				
34	13	4				
34	15	1				
34	20	1				
34	21	2				
34	23	1				
34	25	1				
34	27	1				
34	29	1				
34	30	2				
34	32	1				
34	33	2				
34	34	3				
34	35	4				
34	36	5				
34	37	6				
34	38	7				
34	39	8				
34	40	9				
34	42	1				
34	47	1				
34	49	1				
34	52	1				
34	53	2				
34	55	1				
34	56	2				
34	57	3				
34	59	1				
34	60	2				
34	63	1				
34	64	2				
34	65	3				
34	66	4				
34	69	1				
34	70	2				
34	72	1				
34	73	2				
34	74	3				
34	75	4				
34	76	5				
34	77	6				
34	78	7				
34	79	8				
34	81	1				
34	83	1				
34	84	2				
34	86	1				
34	88	1				
34	89	2				
34	90	3				
34	91	4				
34	92	5				
34	93	6				
34	95	1				
34	98	1				
34	99	2				
34	100	3				
33	2	1				
33	3	2				
33	5	1				
33	6	2				
33	7	3				
33	8	4				
33	10	1				
33	12	1				
33	16	1				
33	18	1				
33	23	1				
33	24	2				
33	25	3				
33	26	4				
33	28	1				
33	31	1				
33	32	2				
33	35	1				
33	36	2				
33	38	1				
33	45	1				
33	47	1				
33	48	2				
33	50	1				
33	51	2				
33	52	3				
33	56	1				
33	57	2				
33	58	3				
33	61	1				
33	62	2				
33	63	3				
33	69	1				
33	71	1				
33	72	2				
33	76	1				
33	79	1				
33	81	1				
33	86	1				
33	88	1				
33	89	2				
33	90	3				
33	92	1				
33	94	1				
33	95	2				
33	96	3				
33	100	1				
32	1	1				
32	4	1				
32	7	1				
32	9	1				
32	10	2				
32	11	3				
32	12	4				
32	14	1				
32	15	2				
32	16	3				
32	18	1				
32	19	2				
32	21	1				
32	22	2				
32	23	3				
32	25	1				
32	27	1				
32	29	1				
32	32	1				
32	33	2				
32	37	1				
32	39	1				
32	40	2				
32	41	3				
32	43	1				
32	44	2				
32	45	3				
32	47	1				
32	48	2				
32	49	3				
32	51	1				
32	53	1				
32	55	1				
32	56	2				
32	57	3				
32	58	4				
32	59	5				
32	61	1				
32	63	1				
32	64	2				
32	65	3				
32	66	4				
32	69	1				
32	70	2				
32	71	3				
32	73	1				
32	74	2				
32	75	3				
32	76	4				
32	77	5				
32	78	6				
32	79	7				
32	80	8				
32	81	9				
32	82	10				
32	83	11				
32	86	1				
32	88	1				
32	89	2				
32	90	3				
32	91	4				
32	92	5				
32	93	6				
32	94	7				
32	96	1				
32	97	2				
32	100	1				
31	2	1				
31	4	1				
31	5	2				
31	7	1				
31	9	1				
31	10	2				
31	15	1				
31	16	2				
31	18	1				
31	19	2				
31	22	1				
31	23	2				
31	24	3				
31	25	4				
31	26	5				
31	28	1				
31	29	2				
31	30	3				
31	31	4				
31	32	5				
31	33	6				
31	34	7				
31	35	8				
31	38	1				
31	39	2				
31	42	1				
31	43	2				
31	44	3				
31	46	1				
31	48	1				
31	49	2				
31	50	3				
31	52	1				
31	53	2				
31	54	3				
31	56	1				
31	57	2				
31	58	3				
31	61	1				
31	62	2				
31	63	3				
31	64	4				
31	65	5				
31	67	1				
31	68	2				
31	70	1				
31	71	2				
31	72	3				
31	74	1				
31	77	1				
31	82	1				
31	83	2				
31	84	3				
31	85	4				
31	86	5				
31	88	1				
31	90	1				
31	91	2				
31	93	1				
31	94	2				
31	95	3				
31	98	1				
31	99	2				
30	3	1				
30	5	1				
30	8	1				
30	10	1				
30	12	1				
30	13	2				
30	15	1				
30	18	1				
30	20	1				
30	21	2				
30	22	3				
30	23	4				
30	25	1				
30	26	2				
30	28	1				
30	30	1				
30	31	2				
30	33	1				
30	34	2				
30	37	1				
30	38	2				
30	39	3				
30	40	4				
30	41	5				
30	43	1				
30	45	1				
30	48	1				
30	49	2				
30	50	3				
30	51	4				
30	52	5				
30	54	1				
30	56	1				
30	59	1				
30	61	1				
30	63	1				
30	64	2				
30	66	1				
30	67	2				
30	69	1				
30	70	2				
30	72	1				
30	73	2				
30	74	3				
30	76	1				
30	77	2				
30	78	3				
30	79	4				
30	80	5				
30	81	6				
30	82	7				
30	83	8				
30	87	1				
30	88	2				
30	89	3				
30	90	4				
30	92	1				
30	93	2				
30	95	1				
30	96	2				
30	97	3				
30	99	1				
30	100	2				
29	1	1				
29	6	1				
29	11	1				
29	12	2				
29	13	3				
29	14	4				
29	15	5				
29	16	6				
29	17	7				
29	20	1				
29	22	1				
29	23	2				
29	24	3				
29	25	4				
29	27	1				
29	29	1				
29	30	2				
29	32	1				
29	33	2				
29	35	1				
29	36	2				
29	37	3				
29	39	1				
29	41	1				
29	42	2				
29	44	1				
29	49	1				
29	50	2				
29	52	1				
29	55	1				
29	57	1				
29	59	1				
29	62	1				
29	63	2				
29	65	1				
29	66	2				
29	68	1				
29	71	1				
29	72	2				
29	74	1				
29	75	2				
29	76	3				
29	77	4				
29	79	1				
29	81	1				
29	83	1				
29	85	1				
29	86	2				
29	87	3				
29	88	4				
29	89	5				
29	90	6				
29	91	7				
29	92	8				
29	96	1				
29	97	2				
29	98	3				
29	100	1				
28	2	1				
28	4	1				
28	5	2				
28	6	3				
28	7	4				
28	10	1				
28	11	2				
28	12	3				
28	13	4				
28	15	1				
28	16	2				
28	17	3				
28	18	4				
28	21	1				
28	22	2				
28	24	1				
28	25	2				
28	26	3				
28	27	4				
28	29	1				
28	30	2				
28	34	1				
28	35	2				
28	36	3				
28	37	4				
28	41	1				
28	43	1				
28	44	2				
28	45	3				
28	46	4				
28	53	1				
28	55	1				
28	56	2				
28	57	3				
28	58	4				
28	59	5				
28	60	6				
28	61	7				
28	62	8				
28	64	1				
28	65	2				
28	67	1				
28	68	2				
28	70	1				
28	72	1				
28	73	2				
28	76	1				
28	77	2				
28	78	3				
28	79	4				
28	80	5				
28	82	1				
28	84	1				
28	87	1				
28	88	2				
28	89	3				
28	93	1				
28	94	2				
28	97	1				
28	99	1				
27	1	1				
27	3	1				
27	4	2				
27	9	1				
27	11	1				
27	13	1				
27	14	2				
27	16	1				
27	17	2				
27	18	3				
27	19	4				
27	23	1				
27	24	2				
27	25	3				
27	27	1				
27	28	2				
27	29	3				
27	30	4				
27	31	5				
27	32	6				
27	35	1				
27	36	2				
27	37	3				
27	38	4				
27	40	1				
27	41	2				
27	43	1				
27	46	1				
27	47	2				
27	49	1				
27	50	2				
27	51	3				
27	53	1				
27	54	2				
27	57	1				
27	58	2				
27	59	3				
27	61	1				
27	62	2				
27	66	1				
27	67	2				
27	68	3				
27	69	4				
27	71	1				
27	72	2				
27	73	3				
27	75	1				
27	77	1				
27	79	1				
27	83	1				
27	85	1				
27	86	2				
27	87	3				
27	88	4				
27	89	5				
27	94	1				
27	98	1				
27	99	2				
27	100	3				
26	3	1				
26	6	1				
26	10	1				
26	11	2				
26	13	1				
26	14	2				
26	15	3				
26	16	4				
26	17	5				
26	18	6				
26	21	1				
26	22	2				
26	23	3				
26	24	4				
26	26	1				
26	28	1				
26	30	1				
26	32	1				
26	33	2				
26	36	1				
26	37	2				
26	39	1				
26	47	1				
26	48	2				
26	49	3				
26	50	4				
26	51	5				
26	53	1				
26	54	2				
26	55	3				
26	57	1				
26	61	1				
26	65	1				
26	67	1				
26	73	1				
26	74	2				
26	75	3				
26	76	4				
26	77	5				
26	78	6				
26	80	1				
26	82	1				
26	83	2				
26	84	3				
26	86	1				
26	88	1				
26	90	1				
26	91	2				
26	93	1				
26	94	2				
26	95	3				
26	96	4				
26	100	1				
25	2	1				
25	3	2				
25	6	1				
25	8	1				
25	11	1				
25	12	2				
25	14	1				
25	15	2				
25	17	1				
25	18	2				
25	19	3				
25	20	4				
25	22	1				
25	24	1				
25	27	1				
25	28	2				
25	29	3				
25	30	4				
25	31	5				
25	32	6				
25	34	1				
25	36	1				
25	37	2				
25	39	1				
25	41	1				
25	44	1				
25	45	2				
25	48	1				
25	49	2				
25	50	3				
25	51	4				
25	52	5				
25	53	6				
25	56	1				
25	57	2				
25	58	3				
25	59	4				
25	61	1				
25	63	1				
25	64	2				
25	65	3				
25	66	4				
25	67	5				
25	69	1				
25	71	1				
25	72	2				
25	73	3				
25	75	1				
25	77	1				
25	78	2				
25	79	3				
25	80	4				
25	82	1				
25	83	2				
25	84	3				
25	86	1				
25	87	2				
25	88	3				
25	89	4				
25	91	1				
25	92	2				
25	94	1				
25	95	2				
25	96	3				
25	97	4				
25	99	1				
24	3	1				
24	5	1				
24	7	1				
24	9	1				
24	10	2				
24	11	3				
24	12	4				
24	13	5				
24	14	6				
24	15	7				
24	16	8				
24	18	1				
24	19	2				
24	20	3				
24	21	4				
24	22	5				
24	23	6				
24	25	1				
24	26	2				
24	27	3				
24	28	4				
24	29	5				
24	30	6				
24	31	7				
24	32	8				
24	33	9				
24	34	10				
24	35	11				
24	36	12				
24	37	13				
24	38	14				
24	42	1				
24	44	1				
24	47	1				
24	49	1				
24	50	2				
24	51	3				
24	52	4				
24	53	5				
24	54	6				
24	55	7				
24	56	8				
24	57	9				
24	58	10				
24	59	11				
24	61	1				
24	63	1				
24	65	1				
24	66	2				
24	67	3				
24	70	1				
24	74	1				
24	78	1				
24	80	1				
24	81	2				
24	83	1				
24	84	2				
24	85	3				
24	86	4				
24	87	5				
24	89	1				
24	90	2				
24	91	3				
24	93	1				
24	94	2				
24	95	3				
24	96	4				
24	97	5				
24	99	1				
24	100	2				
23	1	1				
23	2	2				
23	6	1				
23	7	2				
23	8	3				
23	10	1				
23	12	1				
23	13	2				
23	15	1				
23	16	2				
23	17	3				
23	19	1				
23	22	1				
23	23	2				
23	25	1				
23	27	1				
23	28	2				
23	30	1				
23	31	2				
23	32	3				
23	33	4				
23	34	5				
23	35	6				
23	36	7				
23	38	1				
23	41	1				
23	42	2				
23	43	3				
23	44	4				
23	46	1				
23	47	2				
23	48	3				
23	50	1				
23	51	2				
23	52	3				
23	54	1				
23	56	1				
23	57	2				
23	59	1				
23	61	1				
23	62	2				
23	63	3				
23	65	1				
23	67	1				
23	68	2				
23	69	3				
23	70	4				
23	71	5				
23	72	6				
23	73	7				
23	74	8				
23	75	9				
23	77	1				
23	78	2				
23	79	3				
23	80	4				
23	81	5				
23	82	6				
23	83	7				
23	84	8				
23	85	9				
23	86	10				
23	87	11				
23	89	1				
23	90	2				
23	91	3				
23	92	4				
23	93	5				
23	94	6				
23	95	7				
23	96	8				
23	98	1				
23	99	2				
22	1	1				
22	2	2				
22	3	3				
22	5	1				
22	7	1				
22	9	1				
22	10	2				
22	11	3				
22	12	4				
22	13	5				
22	15	1				
22	17	1				
22	19	1				
22	20	2				
22	21	3				
22	22	4				
22	23	5				
22	24	6				
22	27	1				
22	28	2				
22	29	3				
22	30	4				
22	31	5				
22	32	6				
22	34	1				
22	38	1				
22	39	2				
22	40	3				
22	42	1				
22	43	2				
22	46	1				
22	47	2				
22	48	3				
22	49	4				
22	50	5				
22	51	6				
22	52	7				
22	55	1				
22	56	2				
22	57	3				
22	58	4				
22	59	5				
22	61	1				
22	62	2				
22	64	1				
22	66	1				
22	70	1				
22	72	1				
22	73	2				
22	74	3				
22	75	4				
22	77	1				
22	79	1				
22	80	2				
22	81	3				
22	82	4				
22	84	1				
22	86	1				
22	87	2				
22	88	3				
22	90	1				
22	91	2				
22	92	3				
22	93	4				
22	94	5				
22	96	1				
22	97	2				
22	98	3				
22	100	1				
21	1	1				
21	2	2				
21	3	3				
21	4	4				
21	6	1				
21	7	2				
21	8	3				
21	9	4				
21	10	5				
21	13	1				
21	14	2				
21	15	3				
21	16	4				
21	17	5				
21	18	6				
21	19	7				
21	20	8				
21	22	1				
21	23	2				
21	24	3				
21	26	1				
21	27	2				
21	28	3				
21	31	1				
21	32	2				
21	33	3				
21	37	1				
21	38	2				
21	39	3				
21	40	4				
21	41	5				
21	44	1				
21	45	2				
21	46	3				
21	49	1				
21	50	2				
21	52	1				
21	55	1				
21	56	2				
21	60	1				
21	61	2				
21	64	1				
21	65	2				
21	66	3				
21	67	4				
21	70	1				
21	73	1				
21	74	2				
21	76	1				
21	77	2				
21	78	3				
21	82	1				
21	85	1				
21	86	2				
21	87	3				
21	88	4				
21	93	1				
21	96	1				
21	98	1				
21	99	2				
21	100	3				
20	3	1				
20	4	2				
20	5	3				
20	6	4				
20	7	5				
20	8	6				
20	9	7				
20	10	8				
20	11	9				
20	12	10				
20	15	1				
20	17	1				
20	18	2				
20	19	3				
20	22	1				
20	23	2				
20	24	3				
20	26	1				
20	27	2				
20	28	3				
20	29	4				
20	31	1				
20	32	2				
20	34	1				
20	36	1				
20	39	1				
20	41	1				
20	45	1				
20	47	1				
20	49	1				
20	50	2				
20	53	1				
20	54	2				
20	55	3				
20	57	1				
20	60	1				
20	62	1				
20	63	2				
20	65	1				
20	67	1				
20	68	2				
20	69	3				
20	70	4				
20	72	1				
20	73	2				
20	77	1				
20	79	1				
20	80	2				
20	84	1				
20	85	2				
20	86	3				
20	88	1				
20	89	2				
20	91	1				
20	94	1				
20	96	1				
20	99	1				
20	100	2				
19	5	1				
19	8	1				
19	9	2				
19	12	1				
19	13	2				
19	14	3				
19	15	4				
19	19	1				
19	22	1				
19	23	2				
19	24	3				
19	25	4				
19	28	1				
19	30	1				
19	31	2				
19	32	3				
19	33	4				
19	34	5				
19	35	6				
19	36	7				
19	39	1				
19	40	2				
19	41	3				
19	42	4				
19	44	1				
19	45	2				
19	46	3				
19	47	4				
19	49	1				
19	52	1				
19	54	1				
19	56	1				
19	57	2				
19	58	3				
19	60	1				
19	62	1				
19	64	1				
19	67	1				
19	68	2				
19	69	3				
19	70	4				
19	72	1				
19	74	1				
19	76	1				
19	78	1				
19	81	1				
19	82	2				
19	84	1				
19	88	1				
19	89	2				
19	90	3				
19	91	4				
19	92	5				
19	94	1				
19	97	1				
19	99	1				
18	1	1				
18	2	2				
18	4	1				
18	9	1				
18	10	2				
18	11	3				
18	12	4				
18	13	5				
18	15	1				
18	16	2				
18	17	3				
18	18	4				
18	19	5				
18	20	6				
18	21	7				
18	22	8				
18	23	9				
18	25	1				
18	30	1				
18	35	1				
18	36	2				
18	37	3				
18	39	1				
18	42	1				
18	43	2				
18	44	3				
18	47	1				
18	49	1				
18	52	1				
18	56	1				
18	58	1				
18	60	1				
18	62	1				
18	64	1				
18	65	2				
18	67	1				
18	68	2				
18	71	1				
18	73	1				
18	76	1				
18	79	1				
18	82	1				
18	83	2				
18	84	3				
18	85	4				
18	86	5				
18	91	1				
18	93	1				
18	94	2				
18	96	1				
18	100	1				
17	1	1				
17	3	1				
17	4	2				
17	5	3				
17	7	1				
17	8	2				
17	9	3				
17	13	1				
17	14	2				
17	15	3				
17	16	4				
17	17	5				
17	20	1				
17	22	1				
17	24	1				
17	25	2				
17	26	3				
17	27	4				
17	30	1				
17	33	1				
17	35	1				
17	37	1				
17	38	2				
17	41	1				
17	42	2				
17	43	3				
17	44	4				
17	45	5				
17	48	1				
17	50	1				
17	51	2				
17	52	3				
17	53	4				
17	54	5				
17	56	1				
17	57	2				
17	58	3				
17	59	4				
17	60	5				
17	61	6				
17	62	7				
17	63	8				
17	65	1				
17	66	2				
17	69	1				
17	70	2				
17	71	3				
17	75	1				
17	82	1				
17	83	2				
17	84	3				
17	85	4				
17	86	5				
17	87	6				
17	88	7				
17	90	1				
17	92	1				
17	94	1				
17	95	2				
17	97	1				
17	99	1				
16	3	1				
16	6	1				
16	7	2				
16	8	3				
16	14	1				
16	15	2				
16	16	3				
16	19	1				
16	20	2				
16	24	1				
16	26	1				
16	27	2				
16	28	3				
16	29	4				
16	30	5				
16	35	1				
16	36	2				
16	37	3				
16	38	4				
16	39	5				
16	40	6				
16	43	1				
16	44	2				
16	45	3				
16	47	1				
16	48	2				
16	49	3				
16	50	4				
16	53	1				
16	54	2				
16	55	3				
16	56	4				
16	57	5				
16	58	6				
16	59	7				
16	60	8				
16	61	9				
16	63	1				
16	64	2				
16	65	3				
16	69	1				
16	72	1				
16	76	1				
16	78	1				
16	79	2				
16	80	3				
16	82	1				
16	85	1				
16	86	2				
16	87	3				
16	88	4				
16	89	5				
16	90	6				
16	91	7				
16	92	8				
16	95	1				
16	96	2				
16	97	3				
16	99	1				
15	1	1				
15	2	2				
15	5	1				
15	8	1				
15	10	1				
15	11	2				
15	13	1				
15	15	1				
15	17	1				
15	18	2				
15	19	3				
15	20	4				
15	21	5				
15	23	1				
15	29	1				
15	30	2				
15	32	1				
15	34	1				
15	37	1				
15	39	1				
15	42	1				
15	47	1				
15	50	1				
15	51	2				
15	52	3				
15	54	1				
15	58	1				
15	59	2				
15	60	3				
15	63	1				
15	65	1				
15	66	2				
15	68	1				
15	69	2				
15	70	3				
15	72	1				
15	73	2				
15	76	1				
15	78	1				
15	80	1				
15	81	2				
15	83	1				
15	86	1				
15	87	2				
15	91	1				
15	93	1				
15	95	1				
15	100	1				
14	2	1				
14	3	2				
14	4	3				
14	5	4				
14	8	1				
14	9	2				
14	10	3				
14	11	4				
14	13	1				
14	14	2				
14	16	1				
14	17	2				
14	18	3				
14	19	4				
14	20	5				
14	22	1				
14	24	1				
14	26	1				
14	27	2				
14	30	1				
14	33	1				
14	34	2				
14	36	1				
14	37	2				
14	38	3				
14	39	4				
14	41	1				
14	44	1				
14	45	2				
14	46	3				
14	50	1				
14	54	1				
14	55	2				
14	56	3				
14	59	1				
14	60	2				
14	61	3				
14	64	1				
14	65	2				
14	66	3				
14	68	1				
14	69	2				
14	72	1				
14	74	1				
14	75	2				
14	76	3				
14	77	4				
14	78	5				
14	79	6				
14	81	1				
14	82	2				
14	84	1				
14	85	2				
14	86	3				
14	89	1				
14	90	2				
14	92	1				
14	95	1				
14	98	1				
14	99	2				
14	100	3				
13	1	1				
13	2	2				
13	3	3				
13	4	4				
13	5	5				
13	7	1				
13	8	2				
13	9	3				
13	10	4				
13	12	1				
13	13	2				
13	16	1				
13	17	2				
13	18	3				
13	19	4				
13	22	1				
13	23	2				
13	24	3				
13	25	4				
13	26	5				
13	27	6				
13	28	7				
13	29	8				
13	32	1				
13	34	1				
13	35	2				
13	39	1				
13	40	2				
13	41	3				
13	42	4				
13	46	1				
13	47	2				
13	49	1				
13	51	1				
13	54	1				
13	58	1				
13	59	2				
13	60	3				
13	61	4				
13	62	5				
13	63	6				
13	64	7				
13	66	1				
13	68	1				
13	69	2				
13	78	1				
13	80	1				
13	81	2				
13	89	1				
13	92	1				
13	93	2				
13	94	3				
13	95	4				
13	96	5				
13	97	6				
13	100	1				
12	3	1				
12	5	1				
12	6	2				
12	9	1				
12	10	2				
12	15	1				
12	18	1				
12	19	2				
12	20	3				
12	21	4				
12	24	1				
12	27	1				
12	28	2				
12	30	1				
12	32	1				
12	35	1				
12	36	2				
12	37	3				
12	39	1				
12	40	2				
12	44	1				
12	46	1				
12	48	1				
12	49	2				
12	51	1				
12	52	2				
12	53	3				
12	54	4				
12	56	1				
12	57	2				
12	59	1				
12	60	2				
12	61	3				
12	62	4				
12	63	5				
12	64	6				
12	65	7				
12	67	1				
12	69	1				
12	70	2				
12	71	3				
12	73	1				
12	74	2				
12	75	3				
12	76	4				
12	78	1				
12	84	1				
12	85	2				
12	86	3				
12	89	1				
12	90	2				
12	91	3				
12	93	1				
12	94	2				
12	95	3				
12	96	4				
12	97	5				
12	100	1				
11	2	1				
11	4	1				
11	5	2				
11	6	3				
11	7	4				
11	9	1				
11	10	2				
11	11	3				
11	16	1				
11	17	2				
11	18	3				
11	19	4				
11	20	5				
11	21	6				
11	22	7				
11	23	8				
11	24	9				
11	26	1				
11	28	1				
11	29	2				
11	30	3				
11	31	4				
11	32	5				
11	34	1				
11	37	1				
11	38	2				
11	40	1				
11	41	2				
11	44	1				
11	45	2				
11	47	1				
11	48	2				
11	49	3				
11	51	1				
11	52	2				
11	53	3				
11	54	4				
11	55	5				
11	57	1				
11	58	2				
11	59	3				
11	60	4				
11	62	1				
11	63	2				
11	64	3				
11	65	4				
11	66	5				
11	67	6				
11	70	1				
11	73	1				
11	74	2				
11	76	1				
11	77	2				
11	79	1				
11	80	2				
11	81	3				
11	82	4				
11	83	5				
11	84	6				
11	85	7				
11	86	8				
11	88	1				
11	91	1				
11	93	1				
11	94	2				
11	95	3				
11	98	1				
11	100	1				
10	3	1				
10	5	1				
10	7	1				
10	8	2				
10	9	3				
10	10	4				
10	12	1				
10	13	2				
10	16	1				
10	17	2				
10	19	1				
10	21	1				
10	22	2				
10	23	3				
10	24	4				
10	26	1				
10	30	1				
10	32	1				
10	33	2				
10	35	1				
10	36	2				
10	39	1				
10	40	2				
10	43	1				
10	44	2				
10	48	1				
10	49	2				
10	50	3				
10	51	4				
10	53	1				
10	54	2				
10	55	3				
10	58	1				
10	59	2				
10	61	1				
10	63	1				
10	64	2				
10	72	1				
10	74	1				
10	77	1				
10	78	2				
10	80	1				
10	81	2				
10	82	3				
10	84	1				
10	85	2				
10	87	1				
10	88	2				
10	89	3				
10	91	1				
10	92	2				
10	93	3				
10	94	4				
10	96	1				
10	97	2				
10	98	3				
10	99	4				
10	100	5				
9	2	1				
9	3	2				
9	5	1				
9	8	1				
9	10	1				
9	11	2				
9	14	1				
9	15	2				
9	17	1				
9	20	1				
9	23	1				
9	25	1				
9	26	2				
9	27	3				
9	29	1				
9	30	2				
9	31	3				
9	33	1				
9	35	1				
9	36	2				
9	41	1				
9	44	1				
9	46	1				
9	47	2				
9	49	1				
9	50	2				
9	51	3				
9	53	1				
9	55	1				
9	56	2				
9	57	3				
9	60	1				
9	62	1				
9	66	1				
9	67	2				
9	68	3				
9	69	4				
9	70	5				
9	72	1				
9	73	2				
9	75	1				
9	76	2				
9	77	3				
9	78	4				
9	79	5				
9	80	6				
9	82	1				
9	84	1				
9	85	2				
9	88	1				
9	89	2				
9	90	3				
9	91	4				
9	92	5				
9	93	6				
9	94	7				
9	95	8				
9	97	1				
9	98	2				
9	99	3				
8	1	1				
8	3	1				
8	6	1				
8	9	1				
8	11	1				
8	13	1				
8	14	2				
8	16	1				
8	17	2				
8	18	3				
8	19	4				
8	20	5				
8	21	6				
8	23	1				
8	25	1				
8	32	1				
8	33	2				
8	34	3				
8	38	1				
8	40	1				
8	42	1				
8	43	2				
8	45	1				
8	47	1				
8	48	2				
8	49	3				
8	52	1				
8	54	1				
8	55	2				
8	57	1				
8	58	2				
8	60	1				
8	61	2				
8	67	1				
8	68	2				
8	70	1				
8	71	2				
8	72	3				
8	73	4				
8	74	5				
8	80	1				
8	81	2				
8	82	3				
8	84	1				
8	87	1				
8	92	1				
8	93	2				
8	95	1				
8	96	2				
8	97	3				
8	99	1				
8	100	2				
7	1	1				
7	2	2				
7	3	3				
7	7	1				
7	8	2				
7	9	3				
7	10	4				
7	11	5				
7	12	6				
7	15	1				
7	16	2				
7	17	3				
7	18	4				
7	20	1				
7	21	2				
7	23	1				
7	24	2				
7	26	1				
7	27	2				
7	28	3				
7	29	4				
7	30	5				
7	31	6				
7	33	1				
7	34	2				
7	35	3				
7	36	4				
7	37	5				
7	38	6				
7	39	7				
7	41	1				
7	42	2				
7	43	3				
7	44	4				
7	45	5				
7	46	6				
7	48	1				
7	50	1				
7	51	2				
7	52	3				
7	55	1				
7	56	2				
7	57	3				
7	58	4				
7	59	5				
7	61	1				
7	62	2				
7	63	3				
7	64	4				
7	65	5				
7	67	1				
7	68	2				
7	69	3				
7	74	1				
7	75	2				
7	78	1				
7	80	1				
7	82	1				
7	85	1				
7	87	1				
7	88	2				
7	90	1				
7	92	1				
7	93	2				
7	95	1				
7	97	1				
7	98	2				
7	100	1				
6	4	1				
6	8	1				
6	10	1				
6	11	2				
6	13	1				
6	14	2				
6	15	3				
6	16	4				
6	17	5				
6	18	6				
6	20	1				
6	23	1				
6	24	2				
6	26	1				
6	27	2				
6	29	1				
6	30	2				
6	31	3				
6	32	4				
6	35	1				
6	38	1				
6	39	2				
6	41	1				
6	42	2				
6	43	3				
6	46	1				
6	47	2				
6	49	1				
6	52	1				
6	53	2				
6	54	3				
6	55	4				
6	56	5				
6	57	6				
6	58	7				
6	59	8				
6	60	9				
6	62	1				
6	63	2				
6	64	3				
6	65	4				
6	66	5				
6	68	1				
6	70	1				
6	72	1				
6	73	2				
6	74	3				
6	76	1				
6	80	1				
6	83	1				
6	84	2				
6	85	3				
6	86	4				
6	89	1				
6	94	1				
6	96	1				
6	97	2				
6	98	3				
6	100	1				
5	1	1				
5	4	1				
5	6	1				
5	9	1				
5	10	2				
5	11	3				
5	12	4				
5	13	5				
5	14	6				
5	15	7				
5	16	8				
5	19	1				
5	23	1				
5	24	2				
5	25	3				
5	26	4				
5	27	5				
5	32	1				
5	33	2				
5	34	3				
5	35	4				
5	36	5				
5	37	6				
5	38	7				
5	41	1				
5	42	2				
5	43	3				
5	44	4				
5	45	5				
5	47	1				
5	48	2				
5	54	1				
5	55	2				
5	58	1				
5	59	2				
5	60	3				
5	61	4				
5	63	1				
5	65	1				
5	68	1				
5	69	2				
5	70	3				
5	72	1				
5	73	2				
5	75	1				
5	76	2				
5	77	3				
5	78	4				
5	82	1				
5	85	1				
5	86	2				
5	88	1				
5	89	2				
5	92	1				
5	94	1				
5	98	1				
5	99	2				
5	100	3				
4	2	1				
4	3	2				
4	5	1				
4	8	1				
4	10	1				
4	11	2				
4	12	3				
4	13	4				
4	15	1				
4	16	2				
4	18	1				
4	19	2				
4	20	3				
4	21	4				
4	23	1				
4	24	2				
4	26	1				
4	28	1				
4	29	2				
4	30	3				
4	33	1				
4	35	1				
4	38	1				
4	39	2				
4	41	1				
4	42	2				
4	43	3				
4	46	1				
4	47	2				
4	49	1				
4	50	2				
4	51	3				
4	53	1				
4	54	2				
4	55	3				
4	56	4				
4	57	5				
4	58	6				
4	60	1				
4	61	2				
4	62	3				
4	63	4				
4	64	5				
4	65	6				
4	67	1				
4	71	1				
4	73	1				
4	77	1				
4	78	2				
4	79	3				
4	82	1				
4	83	2				
4	84	3				
4	85	4				
4	86	5				
4	87	6				
4	89	1				
4	90	2				
4	91	3				
4	96	1				
4	97	2				
4	99	1				
4	100	2				
3	1	1				
3	2	2				
3	3	3				
3	8	1				
3	11	1				
3	12	2				
3	13	3				
3	14	4				
3	15	5				
3	21	1				
3	23	1				
3	25	1				
3	26	2				
3	29	1				
3	30	2				
3	31	3				
3	32	4				
3	34	1				
3	35	2				
3	38	1				
3	40	1				
3	41	2				
3	46	1				
3	48	1				
3	50	1				
3	51	2				
3	52	3				
3	55	1				
3	56	2				
3	58	1				
3	59	2				
3	60	3				
3	62	1				
3	64	1				
3	67	1				
3	68	2				
3	70	1				
3	72	1				
3	74	1				
3	76	1				
3	78	1				
3	80	1				
3	84	1				
3	86	1				
3	89	1				
3	90	2				
3	91	3				
3	93	1				
3	94	2				
3	96	1				
3	97	2				
3	98	3				
3	99	4				
3	100	5				
2	4	1				
2	7	1				
2	9	1				
2	10	2				
2	11	3				
2	12	4				
2	13	5				
2	14	6				
2	15	7				
2	17	1				
2	18	2				
2	20	1				
2	21	2				
2	23	1				
2	24	2				
2	25	3				
2	26	4				
2	27	5				
2	28	6				
2	29	7				
2	33	1				
2	34	2				
2	35	3				
2	37	1				
2	38	2				
2	39	3				
2	40	4				
2	41	5				
2	42	6				
2	44	1				
2	45	2				
2	46	3				
2	47	4				
2	49	1				
2	52	1				
2	53	2				
2	54	3				
2	56	1				
2	58	1				
2	61	1				
2	64	1				
2	65	2				
2	66	3				
2	67	4				
2	68	5				
2	70	1				
2	71	2				
2	72	3				
2	73	4				
2	74	5				
2	75	6				
2	77	1				
2	79	1				
2	80	2				
2	83	1				
2	84	2				
2	86	1				
2	87	2				
2	88	3				
2	89	4				
2	91	1				
2	92	2				
2	93	3				
2	95	1				
2	96	2				
2	97	3				
2	98	4				
2	100	1				
1	3	1				
1	4	2				
1	5	3				
1	6	4				
1	7	5				
1	8	6				
1	9	7				
1	10	8				
1	13	1				
1	14	2				
1	15	3				
1	17	1				
1	18	2				
1	19	3				
1	20	4				
1	21	5				
1	22	6				
1	24	1				
1	25	2				
1	28	1				
1	29	2				
1	30	3				
1	32	1				
1	34	1				
1	35	2				
1	37	1				
1	39	1				
1	42	1				
1	44	1				
1	45	2				
1	50	1				
1	53	1				
1	57	1				
1	59	1				
1	60	2				
1	62	1				
1	64	1				
1	68	1				
1	71	1				
1	72	2				
1	73	3				
1	76	1				
1	77	2				
1	78	3				
1	79	4				
1	81	1				
1	83	1				
1	86	1				
1	88	1				
1	91	1				
1	93	1				
1	94	2				
1	97	1				
1	100	1				
						
						
